4911
3922
549
7643
1090
5295
2044
5704
211
3525
2379
7666
5895
40
9690
7860
3491
2911
5119
4270
3002
3668
632
1861
63
1046
2272
1524
6934
3012
5080
429
8855
3784
3265
7146
6250
3631
859
8852
7641
6785
8703
7892
1808
3024
1579
6350
317
2295
8096
3428
7159
2753
8193
1420
7524
2085
1268
6794
1975
8259
9639
7132
8740
7514
8551
4090
6601
4236
8540
2000
5996
5749
6507
4528
1366
4310
9002
9446
5060
5915
3672
9635
1924
3559
2799
1818
713
7876
2487
1161
6351
6281
4670
3514
9076
4237
2507
2495
3015
9141
2515
1094
7853
1447
7590
1059
7143
6321
9702
6690
9154
7459
1500
7264
8692
2608
9234
9012
4715
9571
3739
8919
6056
1249
49
5059
5946
9375
648
867
303
554
4844
3787
4667
6566
38
543
3398
3562
1765
7075
4370
2817
8857
3592
962
5831
6780
7589
5426
2195
3946
2636
4906
3628
7571
4028
4367
5690
1626
4579
9685
8149
4581
1903
3984
5310
5401
9697
8283
7453
4154
4938
7758
1558
1111
9224
94
2724
702
5986
2531
9269
7091
983
8109
201
7149
7744
3983
5404
6792
348
1266
5784
255
5360
2908
590
4716
6242
8286
5054
9514
2227
663
7284
6472
819
802
9968
2633
7267
7390
12
6240
9230
7186
5400
2883
9503
8185
3485
5735
7134
7708
5762
2616
5242
7307
3624
5033
8547
2099
3523
6482
7069
5464
2558
959
3298
625
9579
1547
7221
89
3325
8918
9127
4820
3303
7831
1391
7919
1667
8198
1753
7198
6900
8566
1346
1217
4700
8710
6458
1573
2789
1444
197
3558
4748
4577
1356
8655
2995
566
5028
2769
5928
3140
6749
8685
2242
1630
362
1047
4037
1754
3338
9643
29
6347
8938
2076
8366
7171
2104
9960
7021
1543
3714
964
4740
6034
1730
4965
4855
2731
3115
7462
6020
426
7577
8946
9056
3701
9451
5457
8196
2423
6363
1432
6203
6971
221
4424
6186
8583
65
458
9254
2233
3381
875
2021
8244
873
2562
2827
3434
3889
2181
6200
2746
525
7037
696
8716
1065
9201
3550
6280
8823
1707
9757
4863
7921
9428
6989
4981
9994
4442
4151
4761
7368
9319
8444
1315
3017
7102
8886
3016
424
3290
5184
402
7671
9166
3097
7356
9447
5476
694
8998
2599
4754
8051
5425
290
4198
9280
5255
8194
1110
4166
6831
9456
7632
4287
1424
5906
9139
9610
2406
7816
7115
8411
7661
1009
7081
8365
4468
3066
5121
567
4886
9966
3533
5381
3341
3554
3944
448
2943
8000
4291
2323
1569
9145
2941
5899
837
1550
9146
5689
1912
6715
3510
5399
6452
791
656
9485
5548
8536
7597
5890
3623
2283
239
4185
4102
6515
3227
9555
3677
1032
5591
9880
3437
4847
5353
6286
5563
7879
7915
4550
5764
7215
7235
7409
3640
2957
1157
715
135
181
3773
7904
2798
369
9190
9910
4377
8298
2442
529
4421
5327
8654
9222
3230
5547
3914
5128
471
2484
